1000
483194438
131642298
974052042
1208962785
1406744826
1226058274
1736535420
1960391211
236956212
726338839
1873206395
1746636184
1455027203
298640519
906968410
761669887
1684945962
1496043620
78966312
580189124
1170133532
2136768525
1634228546
782034123
2018249145
1064863418
1789092287
524280406
1891004036
1012042612
483678564
226714826
1143684910
1457730606
1435677611
402946088
536305232
1024729383
215853651
773261444
1751068222
2089060047
372413980
1058611777
240216918
1279382390
1820281665
1925162881
627942363
1899247977
357868357
1798075895
1888532854
1992096904
432626371
1759298352
909476674
74235010
136095110
652997062
1086277622
619773674
879711888
82478885
2077504280
167905851
485424973
466325864
1192635235
701278625
1239587308
796219809
642855024
1612001288
1854831587
883071942
743900031
1527629604
660751175
1371842394
1279393933
1018619533
1022434641
1020443140
863232789
1455061012
632257844
1772709463
1529296023
768352954
278222878
468089997
1388126629
1157934766
550568882
1318147261
1325840618
1035993856
1784473126
370992205
1737272481
876576786
1167212014
232643857
341094427
874559953
1115715799
1084994458
254705909
1776466975
309353204
1534099843
647602860
1331787845
407059335
1510835649
639365210
1039317179
1136061464
21177585
1807670133
1414284342
489267582
1048313114
424735461
1039836465
218976728
1750576079
2075830321
2003449854
2121568284
1665619154
732542992
1141296650
1898263011
1073637419
2015856604
866495162
11148229
123078865
495478489
320501433
1657178708
1143081349
1652289279
2064238043
506433350
144170841
956071574
1642494815
165348426
616258060
909295509
654616008
1664571174
1334030970
1694452473
1883547902
937123401
1622799146
1739514108
911208037
1140934652
324573453
2052504688
891714015
1398210872
1920877644
1758209178
1409359102
2043956509
106204019
1729860535
1553651570
1249285369
1234666166
1470405965
1755718719
1378837007
278993892
1250729886
1544185433
895251952
12541748
51317794
412339478
1346572718
1745770267
148403733
136212472
1221085766
1887917841
1047420509
214536770
65007646
952441549
1106250786
1463218519
725835545
716976316
725093973
622308407
823180335
307470860
28476329
2072465704
1542137027
1498882294
1680700776
773490386
1777876186
783947014
170192172
525644490
796488762
221509966
937983969
2143061481
1967280233
1086387702
131790305
1040882351
826821895
1179210814
1255419122
891829542
2131652364
214186260
207564413
710004261
931162576
932658386
1332312668
1754342911
1240129246
1360788997
1679324968
634782625
712187644
1212542096
1408273012
342580182
1996489110
1578465184
868224673
645494225
1799975150
1806208642
641072058
1619771735
745112696
772862363
513170439
1571934591
1952073177
1768589561
316280485
1936241893
1982775821
523844898
498762507
766454749
1456503284
1831075175
373314012
549148883
1044380525
2052638980
1183931508
1756568169
1117697428
444720872
2099148351
966702891
2023186056
819889376
1612197116
1675677558
478614370
105785526
1147965646
1223727066
878647889
1661136085
648178010
683237418
1282241998
964458495
471995664
1117534171
1488303394
970758171
1883988920
797323030
654349698
109819284
1346471913
1698730223
14974617
382919774
1307814744
1132672045
827640646
1259479448
2099374936
703343055
2079368824
1564088404
231536965
410499547
1669873930
1379502611
1634226613
401038171
893155048
134920975
1084275590
27913398
1099379471
1556271254
1145447569
440199217
379545777
881952841
1237522247
1033895475
991772126
436510513
585142051
1006746743
819430287
1892956795
2139418788
1647070933
1004952595
2091310077
202930340
936837772
1507914833
434467306
1347337319
1030305116
1813969917
834080284
1431343287
559641318
969001260
368135229
587554716
2068380731
1924406483
1733002286
361096300
156468612
467471479
1598618547
1190364088
1459243605
2035129060
1775506139
318506700
707075699
1520979286
310441841
206662985
378448234
254268270
409593325
1315286006
1762183103
844060631
515139677
645004571
510546901
1349219961
2076347859
1070188219
170737573
296999440
1657742935
91634656
73922276
1243261573
452730956
230390888
1710733053
2051349504
1420754976
1022493010
1938994916
1048777467
1340999711
498586968
422273106
1651441552
705249953
800721340
1905709822
1114843278
2116007346
1520409277
1958903910
483663375
17930201
321967163
1832883336
2094278060
1392155382
2003620910
243793852
902414669
2095255566
317716128
2145676243
400502875
548107017
1708925648
304368731
1968861993
583935010
95879999
870155813
1924934721
594466967
1292428919
1428892625
1299716920
2093150259
1187118799
267076551
2061673957
560044429
78496813
397853684
577974630
400463976
83253372
524769042
1792619358
2086874282
768562894
547550379
2034646201
1086279023
545742974
287665428
1634386040
107184974
592034159
1455764385
691119985
687914158
178436550
468571058
1282381126
1470865469
1897463684
434614398
1416532080
937098835
701690949
1330722389
1497143264
780187762
1728576073
2075117894
1180651738
1811829446
452403288
825787448
1751220080
1220966183
1373337828
1638382633
159761558
1919080802
1926048061
1794147598
2026265777
370598572
1102428335
569902114
1058512731
1280864886
1038473172
193410209
604246707
788453208
628024607
2020778788
1725552044
1329715557
1204017529
1075211660
2109903319
785109955
1002845907
1143071410
449455753
1455249195
1968858858
53192185
528731730
1194713038
1691574819
688493288
966310193
1470139232
335157238
845092322
1840737805
1437585574
1414994436
751766888
570966812
305983960
945177097
1175213519
1094437169
1573201704
1048508659
672505565
755433613
105042541
1747717225
717853285
890152496
603079484
1860924695
1339608249
2058328680
1682299905
1392800434
439576762
729529296
936891605
1128070051
1695839489
259547190
1463227289
393448163
2100284995
753329215
1808442599
704568235
1324296027
2114426559
1649745332
352025899
1061380080
1075463388
1400534558
1733885645
1830897002
1505577099
1334119223
401266639
248245947
1937198707
114707686
1587854196
1848043739
1797007591
833170983
140136854
379053239
1770062588
1268206905
2074892728
2029609778
583950546
320857243
1982411125
1337279762
2129299842
539495712
514092141
2096242754
41757396
866118040
1010139186
1117220785
119168951
596541184
800634139
1624746050
1930660407
1201900778
1872991998
1720375466
1316608464
1313362546
1420935558
966132407
2146533529
1561072412
1345185647
1769112470
681795669
1272594727
1651238600
1265746215
1593451971
1486166078
455542329
1575268165
2025661790
969634471
1524027271
2067419187
1835752511
386682810
1037156324
1954921462
983223994
1837790463
1432183865
766400753
892207593
1157692215
339292571
61332409
323571113
1760228129
1027464816
322620995
1173816893
225166815
2091733465
1855612562
1497761543
1595488417
973875130
943729866
934170847
1429417459
371514383
812348990
251568282
1895541655
732284529
2087320794
134740817
1769440853
1894758608
1117964811
1459747668
1179458825
1884365564
204471613
189667392
76174487
265804022
513238506
1836402617
1293268838
835859501
862735862
1518435654
780109318
570864777
868713549
228114087
1544739907
1812443415
1162284935
826673718
36474150
1974633925
1078242001
1932015805
559434806
1018079147
2066756622
181392011
765354107
1037237785
1641139679
1944812933
774119701
1845611292
2134480325
850294189
2111415314
500235183
539213158
1257200504
1336094684
1401949020
628152510
2116204002
1972813797
1496866059
196834442
1370070056
1161825826
1359119377
49260127
1198299977
1186269654
1127502128
982832134
1745704460
2145581275
902105109
1927096471
763451734
1939342894
1420752502
560781019
565978948
1118880146
547777697
1416273137
1082811812
1048012880
1955486295
192528668
236623917
1209951667
820681179
205344271
1035281817
170063590
402178713
257868225
1331889417
1761298090
307128352
382705746
800084096
1434630480
1365537880
398304908
1432728107
120159341
177917731
48696194
2059502236
1598670233
609477213
477997536
570066731
1157254910
1894270673
1652878543
57784143
1702273320
1845407212
294408060
764741339
518604743
499752331
1800023156
688668333
901931045
2057891382
2020557750
515745487
217536086
255779848
1315829584
1652166567
1621317729
1714134492
937411026
1741477070
1892052224
986107220
1653495658
1343238809
1595584434
2131493194
1913305541
605355696
1878280219
1418700436
663139839
1433069891
1116624000
957547899
50327583
1635228743
1457300231
1850350739
176413429
211747628
1760758473
49487531
727493115
1978294560
305267380
2043322699
1482977479
1926585109
1609973544
272904857
1520578531
1354542120
1259012078
1026590542
550297281
707112864
1010600088
316119174
1312468560
741396660
1734819611
1975608400
26982903
703959963
785672651
77310486
191705059
95489234
1927661226
368118488
307236862
1540936051
417606019
1034729978
1371746963
722873399
930569029
707240794
501974860
393058925
980145652
2022553392
1747601045
91674082
901660286
150414679
798786946
1912260374
466533853
2111255506
506173386
53869816
1939380258
533156290
757829780
577569262
610466776
949534839
673058496
390644354
1317653327
980295359
1931580406
1735259346
2015025337
1155843721
310649098
798110718
1863084516
812623958
1191169644
695746520
687693702
791287041
787420602
1589353988
941701720
1586207548
1354130715
1408235574
1549979406
1860304101
1462105390
1341876017
245976743
72451522
1919445279
856443520
1021986361
445020127
1247087874
192156040
1425315486
1031184632
1927415387
1292857175
39544706
90580837
2090967894
1902629222
903204795
1134653890
450892094
1590898498
1925940931
1238312696
1032768838
720159004
677036596
239415905
2128394578
79532354
2099720007
1443016320
1421408371
198213102
1515467843
1193370002
1054656622
389970556
1638390130
154260849
582126597
916221968
1185445481
362058336
61595496
1224990187
452639173
5079742
980135761
1355843968
1139733632
1431027855
799258818
918190915
521856903
1832027657
1638349919
1198893499
2071443562
1619260849
1278425854
2023679921
914793522
552350577
74409376
282777717
1745720580
1129065998
672748273
1236627062
1283326847
1254874870
5365382
321288681
1616933206
66960878
1546278868
2069572379
72040620
378930982
1277932700
1211774252
1809958837
2077191518
2129965168
184332093
1761735527
1620831439
1383225592
1685695442
1092608641
514167798
1561891715
2007402163
1066518376
1636301091
142696232
664755308
617883442
815444505
1901382370
1901210289
2070319376
1906747752
75015322
1539768934
1973708631
1621294191
1461857666
2045749251
2000225173
592306718
1110039856
1662700362
522014588
1092521376
1847032455
136266468
565869167
1082774400
1821961910
1658477808
1596942198
1236369977
1518396323
515976926
725187421
1661092555
1180732234
1343070863
329053413
